{
 "cells": [
  {
   "cell_type": "markdown",
   "id": "e16f6850-2dd7-43c4-a600-6a0f6f8f5f15",
   "metadata": {},
   "source": [
    "### Import Library"
   ]
  },
  {
   "cell_type": "code",
   "execution_count": 1,
   "id": "779bc156-04d9-449d-8f19-c2856c4def8f",
   "metadata": {},
   "outputs": [
    {
     "name": "stderr",
     "output_type": "stream",
     "text": [
      "C:\\Users\\TOP\\anaconda3\\envs\\evn8\\lib\\site-packages\\scipy\\__init__.py:177: UserWarning: A NumPy version >=1.18.5 and <1.26.0 is required for this version of SciPy (detected version 1.18.4\n",
      "  warnings.warn(f\"A NumPy version >={np_minversion} and <{np_maxversion}\"\n"
     ]
    }
   ],
   "source": [
    "import os\n",
    "import time\n",
    "import numpy as np\n",
    "import pandas as pd\n",
    "import tensorflow as tf\n",
    "import tensorflow_federated as tff\n",
    "from collections import Counter\n",
    "from scipy.stats import  ks_2samp, chi2_contingency\n",
    "import matplotlib.pyplot as plt\n",
    "from scipy import stats\n",
    "from tensorflow.keras.utils import to_categorical\n",
    "from sklearn.model_selection import train_test_split\n",
    "from tensorflow.keras.optimizers import Adam\n",
    "from tensorflow.keras.models import Sequential\n",
    "from tensorflow.keras.datasets import mnist\n",
    "from tensorflow.keras.layers import Flatten, Dense, Dropout\n",
    "\n",
    "import nest_asyncio\n",
    "nest_asyncio.apply()\n",
    "\n",
    "# تنظیم بذر تصادفی برای تکرارپذیری\n",
    "# np.random.seed(42)\n",
    "# tf.random.set_seed(42)\n",
    "\n",
    "# تنظیم زمینه اجرایی محلی\n",
    "tff.backends.native.set_local_execution_context()"
   ]
  },
  {
   "cell_type": "markdown",
   "id": "7d246e04-aec6-4a91-8693-ef6fa34d0854",
   "metadata": {},
   "source": [
    "### Create Model "
   ]
  },
  {
   "cell_type": "code",
   "execution_count": 2,
   "id": "6987f8a1-152d-4002-a8ee-cd772b6324a5",
   "metadata": {},
   "outputs": [],
   "source": [
    "# تابع ساخت مدل MLP\n",
    "def create_mnist_mlp_model():\n",
    "    model = Sequential()\n",
    "    model.add(Dense(512, activation='relu', input_shape=(784,)))  # ورودی به شکل مسطح شده (28x28 = 784)\n",
    "    model.add(Dropout(0.3))\n",
    "    model.add(Dense(512, activation='relu'))\n",
    "    model.add(Dropout(0.5))\n",
    "    model.add(Dense(10, activation='softmax'))  # لایه خروجی با 10 کلاس (softmax)\n",
    "    optimizer = Adam(learning_rate=0.01)\n",
    "    # model.compile(loss='categorical_crossentropy', optimizer='adam', metrics=['accuracy'])  # کامپایل کردن مدل\n",
    "\n",
    "    return model"
   ]
  },
  {
   "cell_type": "markdown",
   "id": "e4062329-af4d-4e7f-ac24-3d06b83fa354",
   "metadata": {},
   "source": [
    "### Load and Split"
   ]
  },
  {
   "cell_type": "code",
   "execution_count": 6,
   "id": "f4565aca-8960-4e75-be06-fee6f7efd05d",
   "metadata": {},
   "outputs": [],
   "source": [
    "# لود کردن داده‌های MNIST\n",
    "(x_train, y_train), (x_test, y_test) = tf.keras.datasets.mnist.load_data()\n",
    "\n",
    "# نرمال‌سازی داده‌ها\n",
    "x_train = x_train.astype('float32') / 255.0\n",
    "x_test = x_test.astype('float32') / 255.0\n",
    "\n",
    "# مسطح کردن تصاویر\n",
    "x_train = x_train.reshape(-1, 784)\n",
    "x_test = x_test.reshape(-1, 784)\n",
    "\n",
    "# کدگذاری لیبل‌ها\n",
    "y_train = to_categorical(y_train, 10)\n",
    "y_test = to_categorical(y_test, 10)\n",
    "\n",
    "# تقسیم داده‌ها بین 10 کلاینت\n",
    "num_clients = 30\n",
    "client_data = np.array_split(x_train, num_clients)\n",
    "client_labels = np.array_split(y_train, num_clients)"
   ]
  },
  {
   "cell_type": "markdown",
   "id": "ed859481-34a4-42c2-8527-a7f0fc08f674",
   "metadata": {},
   "source": [
    "### Bug Injection"
   ]
  },
  {
   "cell_type": "code",
   "execution_count": 7,
   "id": "e8711f8c-428b-4b53-83ac-58ad1d57a7a4",
   "metadata": {},
   "outputs": [],
   "source": [
    "# لیستی از کلاینت‌هایی که باید دوبار نرمال‌سازی شوند\n",
    "clients_to_double_normalize = [0,15,19]  # کلاینت‌های 3,6 (با اندیس صفر شروع می‌شود)\n",
    "\n",
    "# دوبار نرمال‌سازی کلاینت‌های مشخص‌شده\n",
    "for client_index in clients_to_double_normalize:\n",
    "    client_data[client_index] = client_data[client_index] / 255.0\n",
    "\n",
    "# پوشه‌ای برای ذخیره پارامترهای کلاینت‌ها ایجاد می‌کنیم\n",
    "if not os.path.exists('client_params'):\n",
    "    os.makedirs('client_params')"
   ]
  },
  {
   "cell_type": "markdown",
   "id": "9a2523be-3749-4df3-bb41-b3470a3b5cac",
   "metadata": {},
   "source": [
    "### Models training & save"
   ]
  },
  {
   "cell_type": "code",
   "execution_count": 8,
   "id": "459da808-8791-4fa9-8768-2b7b2257b134",
   "metadata": {},
   "outputs": [
    {
     "name": "stdout",
     "output_type": "stream",
     "text": [
      "Training model for client 1\n",
      "Epoch 1/5\n",
      "63/63 [==============================] - 0s 6ms/step - loss: 2.2745 - accuracy: 0.2150\n",
      "Epoch 2/5\n",
      "63/63 [==============================] - 0s 6ms/step - loss: 1.8639 - accuracy: 0.4620\n",
      "Epoch 3/5\n",
      "63/63 [==============================] - 0s 7ms/step - loss: 1.2572 - accuracy: 0.5810\n",
      "Epoch 4/5\n",
      "63/63 [==============================] - 0s 6ms/step - loss: 0.9718 - accuracy: 0.6795\n",
      "Epoch 5/5\n",
      "63/63 [==============================] - 0s 6ms/step - loss: 0.8391 - accuracy: 0.7285\n",
      "Training model for client 2\n",
      "Epoch 1/5\n",
      "63/63 [==============================] - 0s 6ms/step - loss: 1.0026 - accuracy: 0.6870\n",
      "Epoch 2/5\n",
      "63/63 [==============================] - 0s 6ms/step - loss: 0.3553 - accuracy: 0.8895\n",
      "Epoch 3/5\n",
      "63/63 [==============================] - 0s 6ms/step - loss: 0.2412 - accuracy: 0.9295\n",
      "Epoch 4/5\n",
      "63/63 [==============================] - 0s 6ms/step - loss: 0.1583 - accuracy: 0.9480\n",
      "Epoch 5/5\n",
      "63/63 [==============================] - 0s 5ms/step - loss: 0.1247 - accuracy: 0.9580\n",
      "Training model for client 3\n",
      "Epoch 1/5\n",
      "63/63 [==============================] - 0s 5ms/step - loss: 1.0299 - accuracy: 0.6755\n",
      "Epoch 2/5\n",
      "63/63 [==============================] - 0s 5ms/step - loss: 0.3853 - accuracy: 0.8815\n",
      "Epoch 3/5\n",
      "63/63 [==============================] - 0s 5ms/step - loss: 0.2547 - accuracy: 0.9190\n",
      "Epoch 4/5\n",
      "63/63 [==============================] - 0s 5ms/step - loss: 0.1990 - accuracy: 0.9355\n",
      "Epoch 5/5\n",
      "63/63 [==============================] - 0s 5ms/step - loss: 0.1333 - accuracy: 0.9590\n",
      "Training model for client 4\n",
      "Epoch 1/5\n",
      "63/63 [==============================] - 0s 5ms/step - loss: 1.0711 - accuracy: 0.6580\n",
      "Epoch 2/5\n",
      "63/63 [==============================] - 0s 4ms/step - loss: 0.4096 - accuracy: 0.8790\n",
      "Epoch 3/5\n",
      "63/63 [==============================] - 0s 5ms/step - loss: 0.2741 - accuracy: 0.9175\n",
      "Epoch 4/5\n",
      "63/63 [==============================] - 0s 6ms/step - loss: 0.1984 - accuracy: 0.9400\n",
      "Epoch 5/5\n",
      "63/63 [==============================] - 0s 6ms/step - loss: 0.1438 - accuracy: 0.9610\n",
      "Training model for client 5\n",
      "Epoch 1/5\n",
      "63/63 [==============================] - 0s 5ms/step - loss: 1.0776 - accuracy: 0.6600\n",
      "Epoch 2/5\n",
      "63/63 [==============================] - 0s 6ms/step - loss: 0.4488 - accuracy: 0.8650\n",
      "Epoch 3/5\n",
      "63/63 [==============================] - 0s 6ms/step - loss: 0.3068 - accuracy: 0.9060\n",
      "Epoch 4/5\n",
      "63/63 [==============================] - 0s 6ms/step - loss: 0.2241 - accuracy: 0.9310\n",
      "Epoch 5/5\n",
      "63/63 [==============================] - 0s 6ms/step - loss: 0.1699 - accuracy: 0.9465\n",
      "Training model for client 6\n",
      "Epoch 1/5\n",
      "63/63 [==============================] - 0s 6ms/step - loss: 1.0222 - accuracy: 0.6810\n",
      "Epoch 2/5\n",
      "63/63 [==============================] - 0s 6ms/step - loss: 0.3849 - accuracy: 0.8760\n",
      "Epoch 3/5\n",
      "63/63 [==============================] - 0s 6ms/step - loss: 0.2580 - accuracy: 0.9130\n",
      "Epoch 4/5\n",
      "63/63 [==============================] - 0s 5ms/step - loss: 0.1933 - accuracy: 0.9420\n",
      "Epoch 5/5\n",
      "63/63 [==============================] - 0s 5ms/step - loss: 0.1246 - accuracy: 0.9615\n",
      "Training model for client 7\n",
      "Epoch 1/5\n",
      "63/63 [==============================] - 0s 6ms/step - loss: 1.0957 - accuracy: 0.6515\n",
      "Epoch 2/5\n",
      "63/63 [==============================] - 0s 5ms/step - loss: 0.4511 - accuracy: 0.8560\n",
      "Epoch 3/5\n",
      "63/63 [==============================] - 0s 5ms/step - loss: 0.2911 - accuracy: 0.9125\n",
      "Epoch 4/5\n",
      "63/63 [==============================] - 0s 5ms/step - loss: 0.2229 - accuracy: 0.9250\n",
      "Epoch 5/5\n",
      "63/63 [==============================] - 0s 5ms/step - loss: 0.1432 - accuracy: 0.9565\n",
      "Training model for client 8\n",
      "Epoch 1/5\n",
      "63/63 [==============================] - 0s 5ms/step - loss: 1.1090 - accuracy: 0.6410\n",
      "Epoch 2/5\n",
      "63/63 [==============================] - 0s 6ms/step - loss: 0.4200 - accuracy: 0.8680\n",
      "Epoch 3/5\n",
      "63/63 [==============================] - 0s 6ms/step - loss: 0.2965 - accuracy: 0.9110\n",
      "Epoch 4/5\n",
      "63/63 [==============================] - 0s 6ms/step - loss: 0.2139 - accuracy: 0.9305\n",
      "Epoch 5/5\n",
      "63/63 [==============================] - 1s 8ms/step - loss: 0.1620 - accuracy: 0.9460\n",
      "Training model for client 9\n",
      "Epoch 1/5\n",
      "63/63 [==============================] - 0s 7ms/step - loss: 1.1347 - accuracy: 0.6495\n",
      "Epoch 2/5\n",
      "63/63 [==============================] - 0s 6ms/step - loss: 0.4552 - accuracy: 0.8620\n",
      "Epoch 3/5\n",
      "63/63 [==============================] - 0s 7ms/step - loss: 0.2790 - accuracy: 0.9100\n",
      "Epoch 4/5\n",
      "63/63 [==============================] - 0s 7ms/step - loss: 0.1919 - accuracy: 0.9420\n",
      "Epoch 5/5\n",
      "63/63 [==============================] - 0s 6ms/step - loss: 0.1211 - accuracy: 0.9625\n",
      "Training model for client 10\n",
      "Epoch 1/5\n",
      "63/63 [==============================] - 0s 5ms/step - loss: 1.0225 - accuracy: 0.6790\n",
      "Epoch 2/5\n",
      "63/63 [==============================] - 0s 6ms/step - loss: 0.3639 - accuracy: 0.8875\n",
      "Epoch 3/5\n",
      "63/63 [==============================] - 0s 6ms/step - loss: 0.2092 - accuracy: 0.9415\n",
      "Epoch 4/5\n",
      "63/63 [==============================] - 0s 6ms/step - loss: 0.1949 - accuracy: 0.9400\n",
      "Epoch 5/5\n",
      "63/63 [==============================] - 0s 5ms/step - loss: 0.1275 - accuracy: 0.9655\n",
      "Training model for client 11\n",
      "Epoch 1/5\n",
      "63/63 [==============================] - 0s 5ms/step - loss: 1.0137 - accuracy: 0.6715\n",
      "Epoch 2/5\n",
      "63/63 [==============================] - 0s 5ms/step - loss: 0.3887 - accuracy: 0.8875\n",
      "Epoch 3/5\n",
      "63/63 [==============================] - 0s 5ms/step - loss: 0.2920 - accuracy: 0.9050\n",
      "Epoch 4/5\n",
      "63/63 [==============================] - 0s 5ms/step - loss: 0.1901 - accuracy: 0.9435\n",
      "Epoch 5/5\n",
      "63/63 [==============================] - 0s 5ms/step - loss: 0.1579 - accuracy: 0.9490\n",
      "Training model for client 12\n",
      "Epoch 1/5\n",
      "63/63 [==============================] - 0s 5ms/step - loss: 1.0744 - accuracy: 0.6560\n",
      "Epoch 2/5\n",
      "63/63 [==============================] - 0s 5ms/step - loss: 0.4138 - accuracy: 0.8720\n",
      "Epoch 3/5\n",
      "63/63 [==============================] - 0s 5ms/step - loss: 0.2789 - accuracy: 0.9130\n",
      "Epoch 4/5\n",
      "63/63 [==============================] - 0s 5ms/step - loss: 0.1964 - accuracy: 0.9360\n",
      "Epoch 5/5\n",
      "63/63 [==============================] - 0s 7ms/step - loss: 0.1399 - accuracy: 0.9540\n",
      "Training model for client 13\n",
      "Epoch 1/5\n",
      "63/63 [==============================] - 0s 6ms/step - loss: 1.0280 - accuracy: 0.6760\n",
      "Epoch 2/5\n",
      "63/63 [==============================] - 0s 6ms/step - loss: 0.3819 - accuracy: 0.8735\n",
      "Epoch 3/5\n",
      "63/63 [==============================] - 0s 6ms/step - loss: 0.2556 - accuracy: 0.9215\n",
      "Epoch 4/5\n",
      "63/63 [==============================] - 0s 7ms/step - loss: 0.1964 - accuracy: 0.9410\n",
      "Epoch 5/5\n",
      "63/63 [==============================] - 0s 8ms/step - loss: 0.1240 - accuracy: 0.9580\n",
      "Training model for client 14\n",
      "Epoch 1/5\n",
      "63/63 [==============================] - 0s 7ms/step - loss: 1.0298 - accuracy: 0.6610\n",
      "Epoch 2/5\n",
      "63/63 [==============================] - 0s 7ms/step - loss: 0.3797 - accuracy: 0.8810\n",
      "Epoch 3/5\n",
      "63/63 [==============================] - 0s 7ms/step - loss: 0.2922 - accuracy: 0.9060\n",
      "Epoch 4/5\n",
      "63/63 [==============================] - 0s 6ms/step - loss: 0.1900 - accuracy: 0.9400\n",
      "Epoch 5/5\n",
      "63/63 [==============================] - 0s 6ms/step - loss: 0.1464 - accuracy: 0.9560\n",
      "Training model for client 15\n",
      "Epoch 1/5\n",
      "63/63 [==============================] - 0s 5ms/step - loss: 1.0616 - accuracy: 0.6545\n",
      "Epoch 2/5\n",
      "63/63 [==============================] - 0s 5ms/step - loss: 0.4540 - accuracy: 0.8665\n",
      "Epoch 3/5\n",
      "63/63 [==============================] - 0s 5ms/step - loss: 0.2847 - accuracy: 0.9105\n",
      "Epoch 4/5\n",
      "63/63 [==============================] - 0s 5ms/step - loss: 0.2059 - accuracy: 0.9360\n",
      "Epoch 5/5\n",
      "63/63 [==============================] - 0s 6ms/step - loss: 0.1480 - accuracy: 0.9535\n",
      "Training model for client 16\n",
      "Epoch 1/5\n",
      "63/63 [==============================] - 0s 8ms/step - loss: 2.2739 - accuracy: 0.2300\n",
      "Epoch 2/5\n",
      "63/63 [==============================] - 0s 7ms/step - loss: 1.8885 - accuracy: 0.3785\n",
      "Epoch 3/5\n",
      "63/63 [==============================] - 0s 6ms/step - loss: 1.3403 - accuracy: 0.5320\n",
      "Epoch 4/5\n",
      "63/63 [==============================] - 0s 6ms/step - loss: 1.0864 - accuracy: 0.6165\n",
      "Epoch 5/5\n",
      "63/63 [==============================] - 0s 6ms/step - loss: 0.9210 - accuracy: 0.6990\n",
      "Training model for client 17\n",
      "Epoch 1/5\n",
      "63/63 [==============================] - 0s 7ms/step - loss: 1.0596 - accuracy: 0.6675\n",
      "Epoch 2/5\n",
      "63/63 [==============================] - 0s 6ms/step - loss: 0.3903 - accuracy: 0.8830\n",
      "Epoch 3/5\n",
      "63/63 [==============================] - 0s 6ms/step - loss: 0.2790 - accuracy: 0.9155\n",
      "Epoch 4/5\n",
      "63/63 [==============================] - 0s 6ms/step - loss: 0.1764 - accuracy: 0.9440\n",
      "Epoch 5/5\n",
      "63/63 [==============================] - 0s 6ms/step - loss: 0.1265 - accuracy: 0.9625\n",
      "Training model for client 18\n",
      "Epoch 1/5\n",
      "63/63 [==============================] - 0s 5ms/step - loss: 1.0623 - accuracy: 0.6465\n",
      "Epoch 2/5\n",
      "63/63 [==============================] - 0s 5ms/step - loss: 0.3970 - accuracy: 0.8790\n",
      "Epoch 3/5\n",
      "63/63 [==============================] - 0s 5ms/step - loss: 0.2613 - accuracy: 0.9165\n",
      "Epoch 4/5\n",
      "63/63 [==============================] - 0s 5ms/step - loss: 0.1881 - accuracy: 0.9400\n",
      "Epoch 5/5\n",
      "63/63 [==============================] - 0s 5ms/step - loss: 0.1511 - accuracy: 0.9460\n",
      "Training model for client 19\n",
      "Epoch 1/5\n",
      "63/63 [==============================] - 0s 5ms/step - loss: 1.0803 - accuracy: 0.6580\n",
      "Epoch 2/5\n",
      "63/63 [==============================] - 0s 5ms/step - loss: 0.4217 - accuracy: 0.8660\n",
      "Epoch 3/5\n",
      "63/63 [==============================] - 0s 5ms/step - loss: 0.3027 - accuracy: 0.9080\n",
      "Epoch 4/5\n",
      "63/63 [==============================] - 0s 6ms/step - loss: 0.2162 - accuracy: 0.9280\n",
      "Epoch 5/5\n",
      "63/63 [==============================] - 0s 6ms/step - loss: 0.1445 - accuracy: 0.9580\n",
      "Training model for client 20\n",
      "Epoch 1/5\n",
      "63/63 [==============================] - 0s 6ms/step - loss: 2.2762 - accuracy: 0.1995\n",
      "Epoch 2/5\n",
      "63/63 [==============================] - 0s 7ms/step - loss: 1.8805 - accuracy: 0.3810\n",
      "Epoch 3/5\n",
      "63/63 [==============================] - 0s 7ms/step - loss: 1.3069 - accuracy: 0.5660\n",
      "Epoch 4/5\n",
      "63/63 [==============================] - 0s 7ms/step - loss: 0.9844 - accuracy: 0.6580\n",
      "Epoch 5/5\n",
      "63/63 [==============================] - 0s 6ms/step - loss: 0.8441 - accuracy: 0.7190\n",
      "Training model for client 21\n",
      "Epoch 1/5\n",
      "63/63 [==============================] - 0s 6ms/step - loss: 1.0724 - accuracy: 0.6540\n",
      "Epoch 2/5\n",
      "63/63 [==============================] - 0s 6ms/step - loss: 0.4230 - accuracy: 0.8675\n",
      "Epoch 3/5\n",
      "63/63 [==============================] - 0s 7ms/step - loss: 0.2740 - accuracy: 0.9115\n",
      "Epoch 4/5\n",
      "63/63 [==============================] - 0s 7ms/step - loss: 0.1856 - accuracy: 0.9430\n",
      "Epoch 5/5\n",
      "63/63 [==============================] - 0s 6ms/step - loss: 0.1298 - accuracy: 0.9615\n",
      "Training model for client 22\n",
      "Epoch 1/5\n",
      "63/63 [==============================] - 0s 6ms/step - loss: 1.0800 - accuracy: 0.6570\n",
      "Epoch 2/5\n",
      "63/63 [==============================] - 0s 5ms/step - loss: 0.4236 - accuracy: 0.8705\n",
      "Epoch 3/5\n",
      "63/63 [==============================] - 0s 5ms/step - loss: 0.2839 - accuracy: 0.9040\n",
      "Epoch 4/5\n",
      "63/63 [==============================] - 0s 6ms/step - loss: 0.1884 - accuracy: 0.9410\n",
      "Epoch 5/5\n",
      "63/63 [==============================] - 0s 6ms/step - loss: 0.1262 - accuracy: 0.9635\n",
      "Training model for client 23\n",
      "Epoch 1/5\n",
      "63/63 [==============================] - 0s 6ms/step - loss: 1.0703 - accuracy: 0.6475\n",
      "Epoch 2/5\n",
      "63/63 [==============================] - 0s 7ms/step - loss: 0.4179 - accuracy: 0.8610\n",
      "Epoch 3/5\n",
      "63/63 [==============================] - 0s 6ms/step - loss: 0.2965 - accuracy: 0.9015\n",
      "Epoch 4/5\n",
      "63/63 [==============================] - 0s 6ms/step - loss: 0.2080 - accuracy: 0.9340\n",
      "Epoch 5/5\n",
      "63/63 [==============================] - 1s 8ms/step - loss: 0.1518 - accuracy: 0.9520\n",
      "Training model for client 24\n",
      "Epoch 1/5\n",
      "63/63 [==============================] - 0s 7ms/step - loss: 1.0698 - accuracy: 0.6495\n",
      "Epoch 2/5\n",
      "63/63 [==============================] - 0s 7ms/step - loss: 0.4365 - accuracy: 0.8450\n",
      "Epoch 3/5\n",
      "63/63 [==============================] - 0s 7ms/step - loss: 0.2973 - accuracy: 0.9110\n",
      "Epoch 4/5\n",
      "63/63 [==============================] - 1s 8ms/step - loss: 0.2073 - accuracy: 0.9375\n",
      "Epoch 5/5\n",
      "63/63 [==============================] - 0s 7ms/step - loss: 0.1474 - accuracy: 0.9530\n",
      "Training model for client 25\n",
      "Epoch 1/5\n",
      "63/63 [==============================] - 0s 7ms/step - loss: 1.0840 - accuracy: 0.6425\n",
      "Epoch 2/5\n",
      "63/63 [==============================] - 0s 7ms/step - loss: 0.4402 - accuracy: 0.8595\n",
      "Epoch 3/5\n",
      "63/63 [==============================] - 1s 8ms/step - loss: 0.2747 - accuracy: 0.9080\n",
      "Epoch 4/5\n",
      "63/63 [==============================] - 0s 8ms/step - loss: 0.1992 - accuracy: 0.9380\n",
      "Epoch 5/5\n",
      "63/63 [==============================] - 0s 6ms/step - loss: 0.1504 - accuracy: 0.9500\n",
      "Training model for client 26\n",
      "Epoch 1/5\n",
      "63/63 [==============================] - 0s 5ms/step - loss: 1.0233 - accuracy: 0.6750\n",
      "Epoch 2/5\n",
      "63/63 [==============================] - 0s 6ms/step - loss: 0.4008 - accuracy: 0.8810\n",
      "Epoch 3/5\n",
      "63/63 [==============================] - 0s 5ms/step - loss: 0.2676 - accuracy: 0.9250\n",
      "Epoch 4/5\n",
      "63/63 [==============================] - 0s 5ms/step - loss: 0.1891 - accuracy: 0.9415\n",
      "Epoch 5/5\n",
      "63/63 [==============================] - 0s 5ms/step - loss: 0.1430 - accuracy: 0.9555\n",
      "Training model for client 27\n",
      "Epoch 1/5\n",
      "63/63 [==============================] - 0s 5ms/step - loss: 1.1132 - accuracy: 0.6430\n",
      "Epoch 2/5\n",
      "63/63 [==============================] - 0s 6ms/step - loss: 0.4484 - accuracy: 0.8640\n",
      "Epoch 3/5\n",
      "63/63 [==============================] - 0s 7ms/step - loss: 0.2821 - accuracy: 0.9120\n",
      "Epoch 4/5\n",
      "63/63 [==============================] - 0s 6ms/step - loss: 0.2094 - accuracy: 0.9385\n",
      "Epoch 5/5\n",
      "63/63 [==============================] - 1s 8ms/step - loss: 0.1564 - accuracy: 0.9520\n",
      "Training model for client 28\n",
      "Epoch 1/5\n",
      "63/63 [==============================] - 0s 6ms/step - loss: 0.9977 - accuracy: 0.6865\n",
      "Epoch 2/5\n",
      "63/63 [==============================] - 0s 6ms/step - loss: 0.3551 - accuracy: 0.8845\n",
      "Epoch 3/5\n",
      "63/63 [==============================] - 0s 7ms/step - loss: 0.2540 - accuracy: 0.9230\n",
      "Epoch 4/5\n",
      "63/63 [==============================] - 0s 7ms/step - loss: 0.1694 - accuracy: 0.9460\n",
      "Epoch 5/5\n",
      "63/63 [==============================] - 0s 7ms/step - loss: 0.1266 - accuracy: 0.9570\n",
      "Training model for client 29\n",
      "Epoch 1/5\n",
      "63/63 [==============================] - 0s 7ms/step - loss: 1.0267 - accuracy: 0.6750\n",
      "Epoch 2/5\n",
      "63/63 [==============================] - 0s 7ms/step - loss: 0.3501 - accuracy: 0.8955\n",
      "Epoch 3/5\n",
      "63/63 [==============================] - 0s 5ms/step - loss: 0.2361 - accuracy: 0.9240\n",
      "Epoch 4/5\n",
      "63/63 [==============================] - 0s 5ms/step - loss: 0.1528 - accuracy: 0.9565\n",
      "Epoch 5/5\n",
      "63/63 [==============================] - 0s 5ms/step - loss: 0.1278 - accuracy: 0.9575\n",
      "Training model for client 30\n",
      "Epoch 1/5\n",
      "63/63 [==============================] - 0s 5ms/step - loss: 0.8669 - accuracy: 0.7315\n",
      "Epoch 2/5\n",
      "63/63 [==============================] - 0s 5ms/step - loss: 0.2715 - accuracy: 0.9225\n",
      "Epoch 3/5\n",
      "63/63 [==============================] - 0s 5ms/step - loss: 0.1550 - accuracy: 0.9585\n",
      "Epoch 4/5\n",
      "63/63 [==============================] - 0s 4ms/step - loss: 0.0984 - accuracy: 0.9715\n",
      "Epoch 5/5\n",
      "63/63 [==============================] - 0s 5ms/step - loss: 0.0716 - accuracy: 0.9780\n",
      "Training completed for all clients.\n"
     ]
    }
   ],
   "source": [
    "# آموزش مدل‌ها برای هر کلاینت و ذخیره پارامترها\n",
    "client_models = [] #لیست برای ذخیره مدل‌های هر کلاینت\n",
    "\n",
    "base_model = create_mnist_mlp_model()  # مدل پایه\n",
    "\n",
    "#base_model.save_weights('base_model_weights.h5') # ذخیره وزن‌های مدل پایه\n",
    "\n",
    "for i in range(num_clients):\n",
    "    print(f\"Training model for client {i+1}\")    \n",
    "    model=create_mnist_mlp_model()\n",
    "    model.set_weights(base_model.get_weights())\n",
    "    \n",
    "    # بررسی یکسان بودن وزن‌ها قبل از آموزش\n",
    "    # m1 = model.get_weights()\n",
    "    # b1 = base_model.get_weights()\n",
    "    \n",
    "    model.compile(loss='categorical_crossentropy', optimizer='adam', metrics=['accuracy'])  # کامپایل کردن مدل\n",
    "    # for index, (base_w, clone_w) in enumerate(zip(m1, b1)):\n",
    "    #     if not np.array_equal(base_w, clone_w):\n",
    "    #         print(f\"Weights at index {index} are different.\")\n",
    "    #     else:\n",
    "    #         print(f\"Weights at index {index} are identical.\")\n",
    "    model.fit(client_data[i], client_labels[i], epochs=5, batch_size=32, verbose=1)\n",
    "    #model.save_weights(f'client_params/client_{i+1}_weights.h5') # ذخیره وزن‌های هر کلاینت\n",
    "    #print(\"**********\",model.predict(x_test[:100].argmax(axis=1)))\n",
    "    client_models.append(model)  # افزودن مدل به لیست\n",
    "print(\"Training completed for all clients.\")"
   ]
  },
  {
   "cell_type": "markdown",
   "id": "736c8110-a535-4905-88f2-53db5aef46fc",
   "metadata": {},
   "source": [
    "### Class"
   ]
  },
  {
   "cell_type": "code",
   "execution_count": 9,
   "id": "b64986f1-6a6d-4ce6-b081-853d680d50e7",
   "metadata": {
    "scrolled": true
   },
   "outputs": [
    {
     "name": "stdout",
     "output_type": "stream",
     "text": [
      "Difference Matrix for Delta Class:\n",
      "[[   0 3056 2978 2821 2862 2966 3028 2894 2956 3121 3067 3051 2961 3093\n",
      "  3032 1792 2882 2952 3166 1131 3002 2993 3033 3041 3054 2886 2937 2919\n",
      "  2992 2877]\n",
      " [3056    0  820  838  809  848  794  830  814  909  795  764  737 1007\n",
      "   793 3390  786  864  980 3136  915  955  831  838  789  816  851  899\n",
      "   718 1038]\n",
      " [2978  820    0  747  767  808  743  795  748  832  881  764  745  992\n",
      "   790 3365  687  768  856 3071  905  916  864  817  715  791  766  867\n",
      "   752  903]\n",
      " [2821  838  747    0  797  837  851  786  798  852  885  823  720 1006\n",
      "   841 3195  748  770 1009 2887  895  884  822  806  807  751  765  836\n",
      "   744  960]\n",
      " [2862  809  767  797    0  843  827  822  761  943  886  843  682 1058\n",
      "   855 3224  752  856 1032 2911  988  933  835  832  788  831  752  876\n",
      "   767  953]\n",
      " [2966  848  808  837  843    0  802  839  874  984  902  838  841  949\n",
      "   767 3385  869  827 1006 3067  866  929  907  832  784  876  912  878\n",
      "   781 1027]\n",
      " [3028  794  743  851  827  802    0  805  781  898  792  753  830 1044\n",
      "   752 3384  729  821  879 3120  900  932  844  752  725  842  782  896\n",
      "   778  997]\n",
      " [2894  830  795  786  822  839  805    0  782  971  797  823  793  974\n",
      "   786 3279  736  785  961 2995  932  930  753  747  739  794  803  820\n",
      "   736  970]\n",
      " [2956  814  748  798  761  874  781  782    0  966  834  831  777 1015\n",
      "   784 3376  713  829  913 3052  984  974  870  800  748  820  776  837\n",
      "   754  923]\n",
      " [3121  909  832  852  943  984  898  971  966    0 1023  873  880 1197\n",
      "   856 3430  914  865  938 3183 1092 1071  970  983  899  930  948 1081\n",
      "   816 1090]\n",
      " [3067  795  881  885  886  902  792  797  834 1023    0  860  829  988\n",
      "   899 3404  825  960  963 3104 1034  967  866  787  786  842  853  880\n",
      "   784 1033]\n",
      " [3051  764  764  823  843  838  753  823  831  873  860    0  835 1073\n",
      "   709 3367  794  794  874 3141  902  959  853  757  730  898  839  946\n",
      "   758 1029]\n",
      " [2961  737  745  720  682  841  830  793  777  880  829  835    0  980\n",
      "   832 3302  741  785  963 3001  991  855  756  818  792  786  753  816\n",
      "   671 1004]\n",
      " [3093 1007  992 1006 1058  949 1044  974 1015 1197  988 1073  980    0\n",
      "   991 3463  949 1057 1178 3190 1108 1072 1072  998  939  934 1082  955\n",
      "  1005 1172]\n",
      " [3032  793  790  841  855  767  752  786  784  856  899  709  832  991\n",
      "     0 3372  794  736  855 3178  872  962  850  773  718  829  863  909\n",
      "   754 1012]\n",
      " [1792 3390 3365 3195 3224 3385 3384 3279 3376 3430 3404 3367 3302 3463\n",
      "  3372    0 3308 3351 3574 1643 3359 3275 3333 3365 3410 3237 3305 3305\n",
      "  3328 3259]\n",
      " [2882  786  687  748  752  869  729  736  713  914  825  794  741  949\n",
      "   794 3308    0  767  851 3008  914  903  829  790  675  779  779  810\n",
      "   741  982]\n",
      " [2952  864  768  770  856  827  821  785  829  865  960  794  785 1057\n",
      "   736 3351  767    0  943 3061  855  925  778  784  772  851  841  919\n",
      "   721 1028]\n",
      " [3166  980  856 1009 1032 1006  879  961  913  938  963  874  963 1178\n",
      "   855 3574  851  943    0 3264 1113 1189 1035  967  860  976 1038 1108\n",
      "   890 1159]\n",
      " [1131 3136 3071 2887 2911 3067 3120 2995 3052 3183 3104 3141 3001 3190\n",
      "  3178 1643 3008 3061 3264    0 3134 3023 3058 3129 3135 2984 3005 2967\n",
      "  3037 2959]\n",
      " [3002  915  905  895  988  866  900  932  984 1092 1034  902  991 1108\n",
      "   872 3359  914  855 1113 3134    0 1031  997  927  895  987  943  946\n",
      "   946 1162]\n",
      " [2993  955  916  884  933  929  932  930  974 1071  967  959  855 1072\n",
      "   962 3275  903  925 1189 3023 1031    0  885  968  919  918  918  827\n",
      "   881 1137]\n",
      " [3033  831  864  822  835  907  844  753  870  970  866  853  756 1072\n",
      "   850 3333  829  778 1035 3058  997  885    0  771  782  826  806  794\n",
      "   735 1045]\n",
      " [3041  838  817  806  832  832  752  747  800  983  787  757  818  998\n",
      "   773 3365  790  784  967 3129  927  968  771    0  721  873  839  827\n",
      "   750  996]\n",
      " [3054  789  715  807  788  784  725  739  748  899  786  730  792  939\n",
      "   718 3410  675  772  860 3135  895  919  782  721    0  825  787  827\n",
      "   716  987]\n",
      " [2886  816  791  751  831  876  842  794  820  930  842  898  786  934\n",
      "   829 3237  779  851  976 2984  987  918  826  873  825    0  832  893\n",
      "   781 1001]\n",
      " [2937  851  766  765  752  912  782  803  776  948  853  839  753 1082\n",
      "   863 3305  779  841 1038 3005  943  918  806  839  787  832    0  839\n",
      "   804 1010]\n",
      " [2919  899  867  836  876  878  896  820  837 1081  880  946  816  955\n",
      "   909 3305  810  919 1108 2967  946  827  794  827  827  893  839    0\n",
      "   843 1046]\n",
      " [2992  718  752  744  767  781  778  736  754  816  784  758  671 1005\n",
      "   754 3328  741  721  890 3037  946  881  735  750  716  781  804  843\n",
      "     0  971]\n",
      " [2877 1038  903  960  953 1027  997  970  923 1090 1033 1029 1004 1172\n",
      "  1012 3259  982 1028 1159 2959 1162 1137 1045  996  987 1001 1010 1046\n",
      "   971    0]]\n"
     ]
    }
   ],
   "source": [
    "def delta_class(models, x_test):\n",
    "    num_models = len(models)\n",
    "    argmax_preds = [model.predict(x_test).argmax(axis=1) for model in models]   # پیش‌بینی‌ها برای هر مدل\n",
    "    diffs_matrix = np.zeros((num_models, num_models), dtype=int)    # ماتریس مربعی برای ذخیره تفاوت‌ها\n",
    "    for i in range(num_models):       # پر کردن ماتریس با تفاوت پیش‌بینی‌ها\n",
    "        for j in range(i+1, num_models):\n",
    "            diffs = np.sum(argmax_preds[i] != argmax_preds[j])  # تعداد تفاوت‌های پیش‌بینی بین مدل i و مدل j\n",
    "            diffs_matrix[i, j] = diffs\n",
    "            diffs_matrix[j, i] = diffs  # ماتریس متقارن است\n",
    "    return diffs_matrix\n",
    "\n",
    "# اندازه‌گیری زمان\n",
    "start_time = time.time()\n",
    "diff_class = delta_class(client_models, x_test)\n",
    "print(\"Difference Matrix for Delta Class:\")\n",
    "print(diff_class)\n",
    "\n",
    "# end_time = time.time()\n",
    "# execution_time = end_time - start_time\n",
    "# print(f\"\\nExecution time for delta_class: {execution_time:.4f} seconds\")"
   ]
  },
  {
   "cell_type": "markdown",
   "id": "0868a773-58cd-477e-a7e4-714f6501c957",
   "metadata": {},
   "source": [
    "### Score"
   ]
  },
  {
   "cell_type": "code",
   "execution_count": 10,
   "id": "86b65fb0-aa33-4176-b505-2ea19e19c353",
   "metadata": {
    "scrolled": true
   },
   "outputs": [
    {
     "name": "stdout",
     "output_type": "stream",
     "text": [
      "Distance Matrix for Delta Score:\n",
      "[[   0. 3732. 3795. 3600. 3659. 3802. 3886. 3744. 3657. 3883. 3923. 3782.\n",
      "  3712. 3989. 3779. 1890. 3619. 3759. 4009. 1232. 3927. 3908. 3902. 3881.\n",
      "  3816. 3751. 3702. 3633. 3692. 3665.]\n",
      " [3732.    0. 2140. 2249. 2168. 2141. 2148. 2314. 2114. 2222. 2056. 2052.\n",
      "  2052. 2473. 2083. 4056. 2028. 2209. 2421. 3819. 2369. 2415. 2215. 2251.\n",
      "  2091. 2201. 2220. 2173. 1866. 2408.]\n",
      " [3795. 2140.    0. 2187. 2177. 2149. 2175. 2315. 2117. 2300. 2285. 2195.\n",
      "  2122. 2497. 2087. 4166. 1953. 2193. 2288. 3926. 2418. 2478. 2399. 2323.\n",
      "  2117. 2253. 2170. 2255. 2027. 2289.]\n",
      " [3600. 2249. 2187.    0. 2194. 2298. 2347. 2239. 2217. 2253. 2318. 2239.\n",
      "  2087. 2502. 2270. 3902. 2138. 2142. 2664. 3654. 2467. 2358. 2196. 2265.\n",
      "  2267. 2155. 2138. 2224. 2075. 2415.]\n",
      " [3659. 2168. 2177. 2194.    0. 2229. 2303. 2290. 2178. 2410. 2287. 2248.\n",
      "  2061. 2580. 2294. 3977. 2059. 2261. 2649. 3715. 2517. 2447. 2242. 2265.\n",
      "  2176. 2221. 2055. 2229. 2061. 2329.]\n",
      " [3802. 2141. 2149. 2298. 2229.    0. 2186. 2317. 2286. 2416. 2290. 2154.\n",
      "  2203. 2421. 2097. 4141. 2186. 2191. 2450. 3899. 2290. 2475. 2396. 2220.\n",
      "  2101. 2305. 2310. 2266. 2038. 2395.]\n",
      " [3886. 2148. 2175. 2347. 2303. 2186.    0. 2321. 2158. 2473. 2154. 2175.\n",
      "  2289. 2521. 2160. 4206. 2009. 2259. 2457. 3963. 2394. 2458. 2337. 2172.\n",
      "  2073. 2361. 2272. 2301. 2077. 2427.]\n",
      " [3744. 2314. 2315. 2239. 2290. 2317. 2321.    0. 2189. 2541. 2220. 2313.\n",
      "  2323. 2507. 2232. 4100. 2151. 2228. 2586. 3827. 2481. 2529. 2216. 2153.\n",
      "  2189. 2217. 2224. 2271. 2136. 2446.]\n",
      " [3657. 2114. 2117. 2217. 2178. 2286. 2158. 2189.    0. 2350. 2165. 2176.\n",
      "  2120. 2507. 2124. 4040. 1950. 2206. 2337. 3770. 2448. 2466. 2314. 2231.\n",
      "  2066. 2187. 2107. 2139. 2020. 2214.]\n",
      " [3883. 2222. 2300. 2253. 2410. 2416. 2473. 2541. 2350.    0. 2495. 2193.\n",
      "  2272. 2755. 2223. 4122. 2286. 2259. 2485. 3955. 2669. 2620. 2483. 2528.\n",
      "  2333. 2330. 2369. 2459. 2080. 2560.]\n",
      " [3923. 2056. 2285. 2318. 2287. 2290. 2154. 2220. 2165. 2495.    0. 2191.\n",
      "  2181. 2419. 2307. 4208. 2161. 2386. 2531. 3963. 2553. 2432. 2334. 2199.\n",
      "  2134. 2196. 2257. 2229. 2041. 2445.]\n",
      " [3782. 2052. 2195. 2239. 2248. 2154. 2175. 2313. 2176. 2193. 2191.    0.\n",
      "  2222. 2535. 2061. 4055. 2120. 2126. 2405. 3881. 2414. 2446. 2258. 2166.\n",
      "  2026. 2275. 2155. 2259. 1973. 2421.]\n",
      " [3712. 2052. 2122. 2087. 2061. 2203. 2289. 2323. 2120. 2272. 2181. 2222.\n",
      "     0. 2475. 2233. 4005. 2042. 2199. 2524. 3747. 2505. 2336. 2223. 2280.\n",
      "  2183. 2127. 2136. 2126. 1927. 2363.]\n",
      " [3989. 2473. 2497. 2502. 2580. 2421. 2521. 2507. 2507. 2755. 2419. 2535.\n",
      "  2475.    0. 2447. 4301. 2327. 2555. 2791. 4052. 2651. 2601. 2613. 2434.\n",
      "  2368. 2392. 2552. 2369. 2405. 2678.]\n",
      " [3779. 2083. 2087. 2270. 2294. 2097. 2160. 2232. 2124. 2223. 2307. 2061.\n",
      "  2233. 2447.    0. 4115. 2099. 2025. 2242. 3954. 2326. 2505. 2321. 2158.\n",
      "  2022. 2238. 2266. 2296. 1975. 2385.]\n",
      " [1890. 4056. 4166. 3902. 3977. 4141. 4206. 4100. 4040. 4122. 4208. 4055.\n",
      "  4005. 4301. 4115.    0. 3995. 4082. 4404. 1760. 4232. 4100. 4130. 4151.\n",
      "  4150. 4014. 4023. 3969. 3969. 4012.]\n",
      " [3619. 2028. 1953. 2138. 2059. 2186. 2009. 2151. 1950. 2286. 2161. 2120.\n",
      "  2042. 2327. 2099. 3995.    0. 2051. 2264. 3743. 2373. 2350. 2288. 2175.\n",
      "  1934. 2107. 2127. 2089. 1911. 2291.]\n",
      " [3759. 2209. 2193. 2142. 2261. 2191. 2259. 2228. 2206. 2259. 2386. 2126.\n",
      "  2199. 2555. 2025. 4082. 2051.    0. 2467. 3880. 2242. 2391. 2172. 2184.\n",
      "  2172. 2320. 2212. 2272. 1963. 2414.]\n",
      " [4009. 2421. 2288. 2664. 2649. 2450. 2457. 2586. 2337. 2485. 2531. 2405.\n",
      "  2524. 2791. 2242. 4404. 2264. 2467.    0. 4175. 2762. 2918. 2700. 2596.\n",
      "  2330. 2575. 2639. 2651. 2279. 2635.]\n",
      " [1232. 3819. 3926. 3654. 3715. 3899. 3963. 3827. 3770. 3955. 3963. 3881.\n",
      "  3747. 4052. 3954. 1760. 3743. 3880. 4175.    0. 4061. 3881. 3910. 3933.\n",
      "  3916. 3821. 3762. 3668. 3742. 3733.]\n",
      " [3927. 2369. 2418. 2467. 2517. 2290. 2394. 2481. 2448. 2669. 2553. 2414.\n",
      "  2505. 2651. 2326. 4232. 2373. 2242. 2762. 4061.    0. 2683. 2597. 2427.\n",
      "  2394. 2484. 2433. 2414. 2340. 2705.]\n",
      " [3908. 2415. 2478. 2358. 2447. 2475. 2458. 2529. 2466. 2620. 2432. 2446.\n",
      "  2336. 2601. 2505. 4100. 2350. 2391. 2918. 3881. 2683.    0. 2317. 2404.\n",
      "  2451. 2404. 2411. 2144. 2265. 2689.]\n",
      " [3902. 2215. 2399. 2196. 2242. 2396. 2337. 2216. 2314. 2483. 2334. 2258.\n",
      "  2223. 2613. 2321. 4130. 2288. 2172. 2700. 3910. 2597. 2317.    0. 2171.\n",
      "  2215. 2303. 2266. 2152. 2086. 2581.]\n",
      " [3881. 2251. 2323. 2265. 2265. 2220. 2172. 2153. 2231. 2528. 2199. 2166.\n",
      "  2280. 2434. 2158. 4151. 2175. 2184. 2596. 3933. 2427. 2404. 2171.    0.\n",
      "  2088. 2302. 2248. 2183. 2040. 2491.]\n",
      " [3816. 2091. 2117. 2267. 2176. 2101. 2073. 2189. 2066. 2333. 2134. 2026.\n",
      "  2183. 2368. 2022. 4150. 1934. 2172. 2330. 3916. 2394. 2451. 2215. 2088.\n",
      "     0. 2256. 2199. 2158. 1936. 2332.]\n",
      " [3751. 2201. 2253. 2155. 2221. 2305. 2361. 2217. 2187. 2330. 2196. 2275.\n",
      "  2127. 2392. 2238. 4014. 2107. 2320. 2575. 3821. 2484. 2404. 2303. 2302.\n",
      "  2256.    0. 2221. 2258. 2123. 2407.]\n",
      " [3702. 2220. 2170. 2138. 2055. 2310. 2272. 2224. 2107. 2369. 2257. 2155.\n",
      "  2136. 2552. 2266. 4023. 2127. 2212. 2639. 3762. 2433. 2411. 2266. 2248.\n",
      "  2199. 2221.    0. 2168. 2069. 2364.]\n",
      " [3633. 2173. 2255. 2224. 2229. 2266. 2301. 2271. 2139. 2459. 2229. 2259.\n",
      "  2126. 2369. 2296. 3969. 2089. 2272. 2651. 3668. 2414. 2144. 2152. 2183.\n",
      "  2158. 2258. 2168.    0. 2077. 2400.]\n",
      " [3692. 1866. 2027. 2075. 2061. 2038. 2077. 2136. 2020. 2080. 2041. 1973.\n",
      "  1927. 2405. 1975. 3969. 1911. 1963. 2279. 3742. 2340. 2265. 2086. 2040.\n",
      "  1936. 2123. 2069. 2077.    0. 2237.]\n",
      " [3665. 2408. 2289. 2415. 2329. 2395. 2427. 2446. 2214. 2560. 2445. 2421.\n",
      "  2363. 2678. 2385. 4012. 2291. 2414. 2635. 3733. 2705. 2689. 2581. 2491.\n",
      "  2332. 2407. 2364. 2400. 2237.    0.]]\n"
     ]
    }
   ],
   "source": [
    "def delta_score(models, x_test, threshold):\n",
    "    num_models = len(models)\n",
    "    diffs_matrix = np.zeros((num_models, num_models))\n",
    "\n",
